1	0.04138891663891663	0.16
2	0.054043029886779885	0.1175
3	0.06376578629703629	0.1
4	0.07712981116106116	0.0925
5	0.0830978833258245	0.08699999999999994
6	0.08843652038321155	0.08083333333333328
7	0.0929656336310748	0.07714285714285714
8	0.10248033277996513	0.076875
9	0.1061071642817966	0.07222222222222217
10	0.110122884672517	0.06849999999999996
11	0.113023000488074	0.0654545454545455
12	0.11577302823810175	0.06291666666666668
13	0.11792366926374276	0.06038461538461535
14	0.12138628507929976	0.05785714285714281
15	0.12322144991446458	0.05566666666666663
16	0.12995889649566117	0.054375
17	0.13114078752130218	0.05264705882352935
18	0.13208706346757812	0.05083333333333328
19	0.1340055616360763	0.049210526315789434
20	0.1376286052591199	0.04800000000000001
21	0.14045661058712525	0.047380952380952336
22	0.1529405849460996	0.04636363636363639
23	0.1536328926384073	0.04478260869565218
24	0.15532520033071498	0.04354166666666667
25	0.1590225585280732	0.04279999999999999
26	0.16107660276282396	0.04211538461538458
27	0.16313215831837952	0.04111111111111112
28	0.1646217416517128	0.040178571428571404
29	0.16545507498504616	0.0389655172413793
30	0.16545507498504616	0.03766666666666665
