1	0.012586489898989896	0.08
2	0.012586489898989896	0.04
3	0.014786581474081475	0.03333333333333332
4	0.028476752414252415	0.03875
5	0.03014341908091909	0.032000000000000015
6	0.03559480796980797	0.03333333333333335
7	0.04289404090061985	0.03500000000000001
8	0.048510799142378075	0.035
9	0.05921557802362755	0.037777777777777743
10	0.05921557802362755	0.03399999999999999
11	0.05921557802362755	0.03090909090909089
12	0.05921557802362755	0.028333333333333335
13	0.05921557802362755	0.02615384615384616
14	0.060072720880770404	0.025357142857142866
15	0.06278105421410374	0.02466666666666668
16	0.06660645103950055	0.024375
17	0.06768154261459212	0.024117647058823497
18	0.06961377704682654	0.023611111111111086
19	0.07343917387222337	0.023684210526315797
20	0.07343917387222337	0.022499999999999982
21	0.07561489850990454	0.022380952380952363
22	0.07718999008499611	0.02227272727272727
23	0.08014453553954157	0.021739130434782636
24	0.08739453553954156	0.021875
25	0.08991437680938284	0.021600000000000015
26	0.08991437680938284	0.020769230769230762
27	0.08991437680938284	0.020000000000000014
28	0.10473977363477967	0.021249999999999995
29	0.10573977363477967	0.020689655172413775
30	0.10665247204747809	0.02033333333333333
